1.583908432923750720e-01
1.595932431296747112e-01
1.604399294769540685e-01
1.549057719935772459e-01
1.523268627617190285e-01
1.554054054054053724e-01
1.575400168491997155e-01
1.602284178703392570e-01
1.581782978365182668e-01
1.620579855873973685e-01
1.603694374475230777e-01
1.613552499161354792e-01
1.598756615979164408e-01
1.561893511096109632e-01
1.581074254925071143e-01
1.581074254925071143e-01
1.605808780324016194e-01
1.580365412141112591e-01
1.578238167424624860e-01
1.529730645434524972e-01
1.608626332130569381e-01
1.607922121517287861e-01
1.569718428595514581e-01
1.608626332130569381e-01
1.623387502094153501e-01
1.579656449983158906e-01
1.578947368421053099e-01
1.567585799814487091e-01
1.576819407008086538e-01
1.554767333840046950e-01
1.666666666666666297e-01
1.617770326906957656e-01
1.586032814472023711e-01
1.577528846963699438e-01
1.583200067334399330e-01
1.546200016907599561e-01
1.575400168491997155e-01
1.601578903166204215e-01
1.618472885759785207e-01
1.549057719935772459e-01
1.580365412141112591e-01
1.566874683757800701e-01
1.597344760944457986e-01
1.605808780324016194e-01
1.607217792698280023e-01
1.548343475321163343e-01
1.565452091767881582e-01
1.569007672203018844e-01
1.601578903166204215e-01
1.550485847063793887e-01
1.642290012536564703e-01
1.587448473121897408e-01
1.624089119691766170e-01
1.571849978929624747e-01
1.646478990894661987e-01
1.636698168436898637e-01
1.573980451634647837e-01
1.576819407008086538e-01
1.549057719935772459e-01
1.523268627617190285e-01
1.583200067334399330e-01
1.633899439471262482e-01
1.621281943862589170e-01
1.525423728813559698e-01
1.571849978929624747e-01
1.621983914209115252e-01
1.562605467431656958e-01
1.586032814472023711e-01
1.612145613152156098e-01
1.599462365591397539e-01
1.600167996640067258e-01
1.551913491594153482e-01
1.628997153859031988e-01
1.595932431296747112e-01
1.650663772230107629e-01
1.603694374475230777e-01
1.541909836758860175e-01
1.574690369871092344e-01
1.579656449983158906e-01
1.640193947500417915e-01
1.615661943489561381e-01
1.621983914209115252e-01
1.588863655479855197e-01
1.607217792698280023e-01
1.626894415138574468e-01
1.599462365591397539e-01
1.597344760944457986e-01
1.560469237910372398e-01
1.612849115155581270e-01
1.636698168436898637e-01
1.576819407008086538e-01
1.599462365591397539e-01
1.578238167424624860e-01
1.546200016907599561e-01
1.593106347204708007e-01
1.597344760944457986e-01
1.573270413752422270e-01
1.543340380549682589e-01
1.598050747773483993e-01
1.541909836758860175e-01
1.557619248628112629e-01
1.571849978929624747e-01
1.509594158600781055e-01
1.591692592281174212e-01
1.620579855873973685e-01
1.552627132961649226e-01
1.656236962870254459e-01
1.590278361786224837e-01
1.569718428595514581e-01
1.636698168436898637e-01
1.543340380549682589e-01
1.587448473121897408e-01
1.609330424567880780e-01
1.561893511096109632e-01
1.606513345643780788e-01
1.616364855801475375e-01
1.609330424567880780e-01
1.508152173913043237e-01
1.617067650264062406e-01
1.549771843839783392e-01
1.531882462528579847e-01
1.613552499161354792e-01
1.565452091767881582e-01
1.569007672203018844e-01
1.572560256194168726e-01
1.545485289144402641e-01
1.626894415138574468e-01
1.564740615773935195e-01
1.592399529174373107e-01
1.559756920999324503e-01
1.532599491955969340e-01
1.605808780324016194e-01
1.588156123822341836e-01
1.576819407008086538e-01
1.561181434599155926e-01
1.565452091767881582e-01
1.568296795952782707e-01
1.624089119691766170e-01
1.614958913298675247e-01
1.617770326906957656e-01
1.602989335796456416e-01
1.506709699337522856e-01
1.569007672203018844e-01
1.589571068124474573e-01
1.547629109965344973e-01
1.643686805381465721e-01
1.585324806462470315e-01
1.584616679289742036e-01
1.630398393036491811e-01
1.566163447752382254e-01
1.578947368421053099e-01
1.582491582491581950e-01
1.513917175831636097e-01
1.628296358308916059e-01
1.610034398858964932e-01
1.544770440517460042e-01
1.592399529174373107e-01
1.547629109965344973e-01
1.543340380549682589e-01
1.530448039298720753e-01
1.553340653771433377e-01
1.549771843839783392e-01
1.569007672203018844e-01
1.563317303636210243e-01
1.621281943862589170e-01
1.581074254925071143e-01
1.541194383353070574e-01
1.571849978929624747e-01
1.600873509155047447e-01
1.580365412141112591e-01
1.653451297888323124e-01
1.547629109965344973e-01
1.555480493159939748e-01
1.566874683757800701e-01
1.583908432923750720e-01
1.656933088603370630e-01
1.589571068124474573e-01
1.612849115155581270e-01
1.579656449983158906e-01
1.536899119837508154e-01
1.651360828185005625e-01
1.665277546257709629e-01
1.667361053245562941e-01
1.537615299991537121e-01
1.583200067334399330e-01
1.574690369871092344e-01
1.605104096709201178e-01
1.558331926388654143e-01
1.556906450523471985e-01
1.592399529174373107e-01
1.569718428595514581e-01
1.552627132961649226e-01
1.532599491955969340e-01
1.559044483835569928e-01
1.542625169147496811e-01
1.614255765199161807e-01
1.593106347204708007e-01
1.555480493159939748e-01
1.569007672203018844e-01
1.605808780324016194e-01
1.588156123822341836e-01
1.581782978365182668e-01
1.553340653771433377e-01
1.581782978365182668e-01
1.546200016907599561e-01
1.513196978698124751e-01
1.582491582491581950e-01
1.563317303636210243e-01
1.594519626796671030e-01
1.558331926388654143e-01
1.595226088418221222e-01
1.600873509155047447e-01
1.624089119691766170e-01
1.584616679289742036e-01
1.623387502094153501e-01
1.561181434599155926e-01
1.607922121517287861e-01
1.493705341953045496e-01
1.559756920999324503e-01
1.593813046402151601e-01
1.628296358308916059e-01
1.608626332130569381e-01
1.571849978929624747e-01
1.637397558120087249e-01
1.637397558120087249e-01
1.512476659310812988e-01
1.561181434599155926e-01
1.557619248628112629e-01
1.591692592281174212e-01
1.571139581928523432e-01
1.559044483835569928e-01
1.625492002344862685e-01
1.576819407008086538e-01
1.635299038059389032e-01
1.583908432923750720e-01
1.565452091767881582e-01
1.583908432923750720e-01
1.573980451634647837e-01
1.601578903166204215e-01
1.606513345643780788e-01
1.600873509155047447e-01
1.597344760944457986e-01
1.591692592281174212e-01
1.578238167424624860e-01
1.590278361786224837e-01
1.594519626796671030e-01
1.596638655462184753e-01
1.624790619765493771e-01
1.529013130029648337e-01
1.577528846963699438e-01
1.606513345643780788e-01
1.596638655462184753e-01
1.557619248628112629e-01
1.602284178703392570e-01
1.565452091767881582e-01
1.609330424567880780e-01
1.580365412141112591e-01
1.609330424567880780e-01
1.571849978929624747e-01
1.586032814472023711e-01
1.575400168491997155e-01
1.569007672203018844e-01
1.573270413752422270e-01
1.561181434599155926e-01
1.597344760944457986e-01
1.552627132961649226e-01
1.600873509155047447e-01
1.645083131422842015e-01
1.587448473121897408e-01
1.552627132961649226e-01
1.572560256194168726e-01
1.559044483835569928e-01
1.560469237910372398e-01
1.593106347204708007e-01
1.545485289144402641e-01
1.594519626796671030e-01
1.638795986622073597e-01
1.622685766943118280e-01
1.613552499161354792e-01
1.569718428595514581e-01
1.537615299991537121e-01
1.612849115155581270e-01
1.594519626796671030e-01
1.588863655479855197e-01
1.541909836758860175e-01
1.577528846963699438e-01
1.578947368421053099e-01
1.546914623837700731e-01
1.579656449983158906e-01
1.607922121517287861e-01
1.569007672203018844e-01
1.582491582491581950e-01
1.547629109965344973e-01
1.590278361786224837e-01
1.566163447752382254e-01
1.526141852385390907e-01
1.541194383353070574e-01
1.577528846963699438e-01
1.607217792698280023e-01
1.602284178703392570e-01
1.536182818451121701e-01
1.603694374475230777e-01
1.581782978365182668e-01
1.572560256194168726e-01
1.605808780324016194e-01
1.559044483835569928e-01
1.559044483835569928e-01
1.610738255033556943e-01
1.574690369871092344e-01
1.541194383353070574e-01
1.583908432923750720e-01
1.640892752654016240e-01
1.589571068124474573e-01
1.607217792698280023e-01
1.610034398858964932e-01
1.594519626796671030e-01
1.561181434599155926e-01
1.566163447752382254e-01
1.632499372437452578e-01
1.593106347204708007e-01
1.587448473121897408e-01
1.566163447752382254e-01
1.598050747773483993e-01
1.542625169147496811e-01
1.601578903166204215e-01
1.552627132961649226e-01
1.546914623837700731e-01
1.566874683757800701e-01
1.617770326906957656e-01
1.565452091767881582e-01
1.580365412141112591e-01
1.525423728813559698e-01
1.544055470996110735e-01
1.627595445411922359e-01
1.586740703348477055e-01
1.546914623837700731e-01
1.568296795952782707e-01
1.571849978929624747e-01
1.581074254925071143e-01
1.624790619765493771e-01
1.532599491955969340e-01
1.586032814472023711e-01
1.634599297306340571e-01
1.541194383353070574e-01
1.530448039298720753e-01
1.551199729638391700e-01
1.575400168491997155e-01
1.631098836722738588e-01
1.604399294769540685e-01
1.600167996640067258e-01
1.571139581928523432e-01
1.635299038059389032e-01
1.602284178703392570e-01
1.582491582491581950e-01
1.599462365591397539e-01
1.579656449983158906e-01
1.546914623837700731e-01
1.594519626796671030e-01
1.606513345643780788e-01
1.588863655479855197e-01
1.625492002344862685e-01
1.576109847527588093e-01
1.570429065160583448e-01
1.609330424567880780e-01
1.635299038059389032e-01
1.635299038059389032e-01
1.612849115155581270e-01
1.579656449983158906e-01
1.578947368421053099e-01
1.596638655462184753e-01
1.650663772230107629e-01
1.598756615979164408e-01
1.581782978365182668e-01
1.628296358308916059e-01
1.553340653771433377e-01
1.612849115155581270e-01
1.619175326852162478e-01
1.566163447752382254e-01
1.532599491955969340e-01
1.590985536495123087e-01
1.583200067334399330e-01
1.621983914209115252e-01
1.590985536495123087e-01
1.557619248628112629e-01
1.540478808899415908e-01
1.599462365591397539e-01
1.629697832091738796e-01
1.573980451634647837e-01
1.603694374475230777e-01
1.560469237910372398e-01
1.596638655462184753e-01
1.654147888499415409e-01
1.543340380549682589e-01
1.585324806462470315e-01
1.503823279524214573e-01
1.581074254925071143e-01
1.512476659310812988e-01
1.606513345643780788e-01
1.660411975648402594e-01
1.523987116460416846e-01
1.621281943862589170e-01
1.526141852385390907e-01
1.586032814472023711e-01
1.578238167424624860e-01
1.573270413752422270e-01
1.559756920999324503e-01
1.539763113367174086e-01
1.587448473121897408e-01
1.585324806462470315e-01
1.554767333840046950e-01
1.552627132961649226e-01
1.634599297306340571e-01
1.615661943489561381e-01
1.521112430049177400e-01
1.557619248628112629e-01
1.605808780324016194e-01
1.547629109965344973e-01
1.609330424567880780e-01
1.553340653771433377e-01
1.546914623837700731e-01
1.565452091767881582e-01
1.588156123822341836e-01
1.532599491955969340e-01
1.590985536495123087e-01
1.659020769038285215e-01
1.579656449983158906e-01
1.571849978929624747e-01
1.583200067334399330e-01
1.592399529174373107e-01
1.593813046402151601e-01
1.570429065160583448e-01
1.596638655462184753e-01
1.559044483835569928e-01
1.557619248628112629e-01
1.536899119837508154e-01
1.635998661759785477e-01
1.583908432923750720e-01
1.593813046402151601e-01
1.534033186589908171e-01
1.596638655462184753e-01
1.588863655479855197e-01
1.581074254925071143e-01
1.569007672203018844e-01
1.652057767760246598e-01
1.577528846963699438e-01
1.527577734474285798e-01
1.536899119837508154e-01
1.615661943489561381e-01
1.573270413752422270e-01
1.549057719935772459e-01
1.615661943489561381e-01
1.595226088418221222e-01
1.606513345643780788e-01
1.635998661759785477e-01
1.499489969398163369e-01
1.617770326906957656e-01
1.579656449983158906e-01
1.624089119691766170e-01
1.559756920999324503e-01
1.529730645434524972e-01
1.641591440989635942e-01
1.616364855801475375e-01
1.572560256194168726e-01
1.557619248628112629e-01
1.587448473121897408e-01
1.595932431296747112e-01
1.625492002344862685e-01
1.508152173913043237e-01
1.526141852385390907e-01
1.569718428595514581e-01
1.553340653771433377e-01
1.597344760944457986e-01
1.598756615979164408e-01
1.577528846963699438e-01
1.578947368421053099e-01
1.544770440517460042e-01
1.593106347204708007e-01
1.572560256194168726e-01
1.639495025499539960e-01
1.530448039298720753e-01
1.575400168491997155e-01
1.565452091767881582e-01
1.507430997876857415e-01
1.523268627617190285e-01
1.555480493159939748e-01
1.619877650213693565e-01
1.626193267459387082e-01
1.573270413752422270e-01
1.665277546257709629e-01
1.594519626796671030e-01
1.535466395801591277e-01
1.575400168491997155e-01
1.581782978365182668e-01
1.569007672203018844e-01
1.647874384030735273e-01
1.588156123822341836e-01
1.553340653771433377e-01
1.631799163179916690e-01
1.545485289144402641e-01
1.583908432923750720e-01
1.605808780324016194e-01
1.617770326906957656e-01
1.576819407008086538e-01
1.568296795952782707e-01
1.602989335796456416e-01
1.597344760944457986e-01
1.589571068124474573e-01
1.620579855873973685e-01
1.588156123822341836e-01
1.537615299991537121e-01
1.657629098189705719e-01
1.634599297306340571e-01
1.541194383353070574e-01
1.595226088418221222e-01
1.536899119837508154e-01
1.625492002344862685e-01
1.610034398858964932e-01
1.567585799814487091e-01
1.599462365591397539e-01
1.569718428595514581e-01
1.566163447752382254e-01
1.581782978365182668e-01
1.620579855873973685e-01
1.570429065160583448e-01
1.633899439471262482e-01
1.518955135272666013e-01
1.577528846963699438e-01
1.600167996640067258e-01
1.631799163179916690e-01
1.521112430049177400e-01
1.593813046402151601e-01
1.600167996640067258e-01
1.582491582491581950e-01
1.598756615979164408e-01
1.609330424567880780e-01
1.647874384030735273e-01
1.526859854261989335e-01
1.529013130029648337e-01
1.588156123822341836e-01
1.550485847063793887e-01
1.621281943862589170e-01
1.594519626796671030e-01
1.554767333840046950e-01
1.531165311653116534e-01
1.600873509155047447e-01
1.628997153859031988e-01
1.550485847063793887e-01
1.607922121517287861e-01
1.554767333840046950e-01
1.564029019740171833e-01
1.556193532044245487e-01
1.533316399966133670e-01
1.554767333840046950e-01
1.595226088418221222e-01
1.500934897161312342e-01
1.610034398858964932e-01
1.588863655479855197e-01
1.617770326906957656e-01
1.612849115155581270e-01
1.628997153859031988e-01
1.577528846963699438e-01
1.578238167424624860e-01
1.606513345643780788e-01
1.595932431296747112e-01
1.617067650264062406e-01
1.613552499161354792e-01
1.572560256194168726e-01
1.647176745740059900e-01
1.645781119465330455e-01
1.568296795952782707e-01
1.542625169147496811e-01
1.547629109965344973e-01
1.567585799814487091e-01
1.580365412141112591e-01
1.531882462528579847e-01
1.594519626796671030e-01
1.607922121517287861e-01
1.573270413752422270e-01
1.613552499161354792e-01
1.605808780324016194e-01
1.541909836758860175e-01
1.532599491955969340e-01
1.588156123822341836e-01
1.628296358308916059e-01
1.616364855801475375e-01
1.539763113367174086e-01
1.559756920999324503e-01
1.571849978929624747e-01
1.588863655479855197e-01
1.552627132961649226e-01
1.563317303636210243e-01
1.583908432923750720e-01
1.555480493159939748e-01
1.537615299991537121e-01
1.577528846963699438e-01
1.570429065160583448e-01
1.546914623837700731e-01
1.605808780324016194e-01
1.551913491594153482e-01
1.579656449983158906e-01
1.590278361786224837e-01
1.576819407008086538e-01
1.640193947500417915e-01
1.590985536495123087e-01
1.590278361786224837e-01
1.561893511096109632e-01
1.617770326906957656e-01
1.582491582491581950e-01
1.625492002344862685e-01
1.586032814472023711e-01
1.547629109965344973e-01
1.619877650213693565e-01
1.602989335796456416e-01
1.561893511096109632e-01
1.545485289144402641e-01
1.544770440517460042e-01
1.581782978365182668e-01
1.595932431296747112e-01
1.602989335796456416e-01
1.584616679289742036e-01
1.625492002344862685e-01
1.600167996640067258e-01
1.578238167424624860e-01
1.589571068124474573e-01
1.590278361786224837e-01
1.593813046402151601e-01
1.598756615979164408e-01
1.610738255033556943e-01
1.604399294769540685e-01
1.614958913298675247e-01
1.625492002344862685e-01
1.601578903166204215e-01
1.619175326852162478e-01
1.552627132961649226e-01
1.598756615979164408e-01
1.546200016907599561e-01
1.596638655462184753e-01
1.603694374475230777e-01
1.655540720961281576e-01
1.591692592281174212e-01
1.607922121517287861e-01
1.612145613152156098e-01
1.600167996640067258e-01
1.561181434599155926e-01
1.635299038059389032e-01
1.584616679289742036e-01
1.603694374475230777e-01
1.656236962870254459e-01
1.671524943782792816e-01
1.586740703348477055e-01
1.659716430358632033e-01
1.578947368421053099e-01
1.586032814472023711e-01
1.539763113367174086e-01
1.564740615773935195e-01
1.619175326852162478e-01
1.538331358943983984e-01
1.596638655462184753e-01
1.650663772230107629e-01
1.559756920999324503e-01
1.610738255033556943e-01
1.559756920999324503e-01
1.612145613152156098e-01
1.614255765199161807e-01
1.621983914209115252e-01
1.586032814472023711e-01
1.608626332130569381e-01
1.610738255033556943e-01
1.561181434599155926e-01
1.607217792698280023e-01
1.559756920999324503e-01
1.569718428595514581e-01
1.574690369871092344e-01
1.634599297306340571e-01
1.551199729638391700e-01
1.644385026737967825e-01
1.525423728813559698e-01
1.596638655462184753e-01
1.579656449983158906e-01
1.539047296725610803e-01
1.584616679289742036e-01
1.637397558120087249e-01
1.640193947500417915e-01
1.559044483835569928e-01
1.598756615979164408e-01
1.580365412141112591e-01
1.610738255033556943e-01
1.579656449983158906e-01
1.624089119691766170e-01
1.659020769038285215e-01
1.583908432923750720e-01
1.561181434599155926e-01
1.573980451634647837e-01
1.594519626796671030e-01
1.530448039298720753e-01
1.579656449983158906e-01
1.612849115155581270e-01
1.588156123822341836e-01
1.556906450523471985e-01
1.566874683757800701e-01
1.581074254925071143e-01
1.656236962870254459e-01
1.583200067334399330e-01
1.598050747773483993e-01
1.626894415138574468e-01
1.619175326852162478e-01
1.566163447752382254e-01
1.552627132961649226e-01
1.624089119691766170e-01
1.564740615773935195e-01
1.631799163179916690e-01
1.565452091767881582e-01
1.594519626796671030e-01
1.584616679289742036e-01
1.608626332130569381e-01
1.608626332130569381e-01
1.590278361786224837e-01
1.587448473121897408e-01
1.638096830838698947e-01
1.611441993121381921e-01
1.604399294769540685e-01
1.555480493159939748e-01
1.529013130029648337e-01
1.607217792698280023e-01
1.583908432923750720e-01
1.643686805381465721e-01
1.580365412141112591e-01
1.631799163179916690e-01
1.539047296725610803e-01
1.598756615979164408e-01
1.559044483835569928e-01
1.512476659310812988e-01
1.507430997876857415e-01
1.605104096709201178e-01
1.686757003907224384e-01
1.602989335796456416e-01
1.556906450523471985e-01
1.582491582491581950e-01
1.568296795952782707e-01
1.609330424567880780e-01
1.578238167424624860e-01
1.619877650213693565e-01
1.575400168491997155e-01
1.556906450523471985e-01
1.523987116460416846e-01
1.607922121517287861e-01
1.527577734474285798e-01
1.514637250742468799e-01
1.551913491594153482e-01
1.590985536495123087e-01
1.569007672203018844e-01
1.583200067334399330e-01
1.613552499161354792e-01
1.581782978365182668e-01
1.545485289144402641e-01
1.525423728813559698e-01
1.551199729638391700e-01
1.637397558120087249e-01
1.561181434599155926e-01
1.610738255033556943e-01
1.642290012536564703e-01
1.607217792698280023e-01
1.583200067334399330e-01
1.580365412141112591e-01
1.597344760944457986e-01
1.603694374475230777e-01
1.626193267459387082e-01
1.571139581928523432e-01
1.617770326906957656e-01
1.600167996640067258e-01
1.545485289144402641e-01
1.619877650213693565e-01
1.578947368421053099e-01
1.599462365591397539e-01
1.546200016907599561e-01
1.595932431296747112e-01
1.606513345643780788e-01
1.556906450523471985e-01
1.590278361786224837e-01
1.595226088418221222e-01
1.605104096709201178e-01
1.580365412141112591e-01
1.575400168491997155e-01
1.559044483835569928e-01
1.611441993121381921e-01
1.594519626796671030e-01
1.545485289144402641e-01
1.612145613152156098e-01
1.572560256194168726e-01
1.593106347204708007e-01
1.566874683757800701e-01
1.538331358943983984e-01
1.575400168491997155e-01
1.562605467431656958e-01
1.561893511096109632e-01
1.576819407008086538e-01
1.564740615773935195e-01
1.618472885759785207e-01
1.583200067334399330e-01
1.590278361786224837e-01
1.600873509155047447e-01
1.608626332130569381e-01
1.560469237910372398e-01
1.609330424567880780e-01
1.571139581928523432e-01
1.598050747773483993e-01
1.585324806462470315e-01
1.521112430049177400e-01
1.619175326852162478e-01
1.584616679289742036e-01
1.554054054054053724e-01
1.576819407008086538e-01
1.553340653771433377e-01
1.596638655462184753e-01
1.619877650213693565e-01
1.578947368421053099e-01
1.576819407008086538e-01
1.559044483835569928e-01
1.571849978929624747e-01
1.582491582491581950e-01
1.588156123822341836e-01
1.599462365591397539e-01
1.585324806462470315e-01
1.619877650213693565e-01
1.588863655479855197e-01
1.608626332130569381e-01
1.628296358308916059e-01
1.575400168491997155e-01
1.526141852385390907e-01
1.649269311064718302e-01
1.555480493159939748e-01
1.568296795952782707e-01
1.550485847063793887e-01
1.571139581928523432e-01
1.546200016907599561e-01
1.617067650264062406e-01
1.600873509155047447e-01
1.569718428595514581e-01
1.600167996640067258e-01
1.571849978929624747e-01
1.677762982689746663e-01
1.572560256194168726e-01
1.610034398858964932e-01
1.533316399966133670e-01
1.594519626796671030e-01
1.586740703348477055e-01
1.554054054054053724e-01
1.573980451634647837e-01
1.583908432923750720e-01
1.588156123822341836e-01
1.553340653771433377e-01
1.606513345643780788e-01
1.548343475321163343e-01
1.578947368421053099e-01
1.600167996640067258e-01
1.539763113367174086e-01
1.613552499161354792e-01
1.541194383353070574e-01
1.638096830838698947e-01
1.547629109965344973e-01
1.561181434599155926e-01
1.550485847063793887e-01
1.546200016907599561e-01
1.528295493053202225e-01
1.614255765199161807e-01
1.578238167424624860e-01
1.604399294769540685e-01
1.613552499161354792e-01
1.591692592281174212e-01
1.546200016907599561e-01
1.592399529174373107e-01
1.554767333840046950e-01
1.564740615773935195e-01
1.592399529174373107e-01
1.622685766943118280e-01
1.606513345643780788e-01
1.559044483835569928e-01
1.609330424567880780e-01
1.586032814472023711e-01
1.618472885759785207e-01
1.528295493053202225e-01
1.593813046402151601e-01
1.595226088418221222e-01
1.587448473121897408e-01
1.485013623978201913e-01
1.535466395801591277e-01
1.540478808899415908e-01
1.522550016954899998e-01
1.571849978929624747e-01
1.531882462528579847e-01
1.573980451634647837e-01
1.549057719935772459e-01
1.594519626796671030e-01
1.583200067334399330e-01
1.569007672203018844e-01
1.566874683757800701e-01
1.537615299991537121e-01
1.564740615773935195e-01
1.564029019740171833e-01
1.589571068124474573e-01
1.582491582491581950e-01
1.563317303636210243e-01
1.642290012536564703e-01
1.571849978929624747e-01
1.584616679289742036e-01
1.544055470996110735e-01
1.612145613152156098e-01
1.604399294769540685e-01
1.524705483515552684e-01
1.631799163179916690e-01
1.673605328892590061e-01
1.578238167424624860e-01
1.621281943862589170e-01
1.603694374475230777e-01
1.578947368421053099e-01
1.578238167424624860e-01
1.645781119465330455e-01
1.549771843839783392e-01
1.564029019740171833e-01
1.576109847527588093e-01
1.603694374475230777e-01
1.521112430049177400e-01
1.581074254925071143e-01
1.545485289144402641e-01
1.635998661759785477e-01
1.621983914209115252e-01
1.645781119465330455e-01
1.574690369871092344e-01
1.634599297306340571e-01
1.568296795952782707e-01
1.583908432923750720e-01
1.571139581928523432e-01
1.575400168491997155e-01
1.565452091767881582e-01
1.554767333840046950e-01
1.586740703348477055e-01
1.618472885759785207e-01
1.561893511096109632e-01
1.610034398858964932e-01
1.545485289144402641e-01
1.630398393036491811e-01
1.567585799814487091e-01
1.615661943489561381e-01
1.575400168491997155e-01
1.592399529174373107e-01
1.693662264307667087e-01
1.586740703348477055e-01
1.589571068124474573e-01
1.583200067334399330e-01
1.512476659310812988e-01
1.611441993121381921e-01
1.525423728813559698e-01
1.611441993121381921e-01
1.559756920999324503e-01
1.571139581928523432e-01
1.563317303636210243e-01
1.548343475321163343e-01
1.584616679289742036e-01
1.521831284442560772e-01
1.614255765199161807e-01
1.598050747773483993e-01
1.635299038059389032e-01
1.625492002344862685e-01
1.548343475321163343e-01
1.580365412141112591e-01
1.617067650264062406e-01
1.590278361786224837e-01
1.565452091767881582e-01
1.590985536495123087e-01
1.579656449983158906e-01
1.541909836758860175e-01
1.617067650264062406e-01
1.561181434599155926e-01
1.590278361786224837e-01
1.569718428595514581e-01
1.619877650213693565e-01
1.570429065160583448e-01
1.588863655479855197e-01
1.557619248628112629e-01
1.586032814472023711e-01
1.593813046402151601e-01
1.606513345643780788e-01
1.665277546257709629e-01
1.600873509155047447e-01
1.545485289144402641e-01
1.589571068124474573e-01
1.565452091767881582e-01
1.586740703348477055e-01
1.578947368421053099e-01
1.595932431296747112e-01
1.491534076406023646e-01
1.654147888499415409e-01
1.580365412141112591e-01
1.571849978929624747e-01
1.574690369871092344e-01
1.606513345643780788e-01
1.598756615979164408e-01
1.571849978929624747e-01
1.495875499617314031e-01
